City_ID,City,Lat,Lng,Max Temp,Humidity,Cloudiness,Wind Speed,Country,Date
0,iqaluit,63.7506,-68.5145,-5.15,80,40,3.6,CA,1715048769
1,pisco,-13.7,-76.2167,19.03,88,0,6.69,PE,1715048836
2,grytviken,-54.2811,-36.5092,1.25,84,75,3.73,GS,1715049022
3,keflavik,64.0049,-22.5624,2.24,93,75,7.2,IS,1715049022
4,st. john's,47.5649,-52.7093,3.42,93,100,10.29,CA,1715048744
5,port-aux-francais,-49.35,70.2167,7.25,95,100,15.28,TF,1715049022
6,puerto natales,-51.7236,-72.4875,-2.66,89,13,1.27,CL,1715049023
7,georgetown,5.4112,100.3354,29.96,78,20,2.06,MY,1715048939
8,arraial do cabo,-22.9661,-42.0278,24.24,89,0,10.4,BR,1715048896
9,pacific grove,36.6177,-121.9166,17.99,79,0,3.09,US,1715049023
10,ushuaia,-54.8,-68.3,0.81,93,0,1.54,AR,1715048960
11,horsham,51.064,-0.3272,12.15,87,75,2.57,GB,1715049024
12,nabire,-3.3667,135.4833,26.33,90,97,1.13,ID,1715049024
13,udachny,66.4167,112.4,-0.31,98,100,11.04,RU,1715049024
14,port alfred,-33.5906,26.891,20.08,65,0,2.62,ZA,1715049025
15,klyuchi,52.2667,79.1667,10.38,40,73,5.7,RU,1715049025
16,porto novo,6.4965,2.6036,27.2,82,63,1.64,BJ,1715049025
17,kingston,17.997,-76.7936,28.53,79,75,2.06,JM,1715049010
18,ilulissat,69.2167,-51.1,-4.99,63,100,2.06,GL,1715049026
19,whangarei,-35.7317,174.3239,14.84,84,70,3.6,NZ,1715048856
20,ferkessedougou,9.6,-5.2,23.62,85,100,2.14,CI,1715049026
21,lebu,-37.6167,-73.65,10.46,83,100,5.06,CL,1715049026
22,adamstown,-25.066,-130.1015,21.84,77,62,8.48,PN,1715049026
23,wailua homesteads,22.0669,-159.378,28.24,78,100,7.2,US,1715049027
24,papatowai,-46.5619,169.4708,11.28,76,83,5.08,NZ,1715049027
25,sandnessjoen,66.0217,12.6316,-1.71,68,46,4.12,NO,1715049027
26,bredasdorp,-34.5322,20.0403,14.64,59,6,1.61,ZA,1715049028
27,blackmans bay,-43.0167,147.3167,15.96,63,28,1.13,AU,1715049028
28,ulladulla,-35.35,150.4667,16.69,72,54,3.28,AU,1715049028
29,anadyr,64.75,177.4833,-2.72,80,0,3.0,RU,1715049028
30,san patricio,28.017,-97.5169,27.13,86,1,4.79,US,1715049029
31,waitangi,-43.9535,-176.5597,11.57,73,97,1.79,NZ,1715049029
32,saldanha,-33.0117,17.9442,15.03,91,87,4.95,ZA,1715049029
33,margaret river,-33.95,115.0667,21.68,39,9,2.45,AU,1715049029
34,quibala,-10.7337,14.98,14.72,79,96,1.37,AO,1715049030
35,christchurch,-43.5333,172.6333,15.23,61,75,2.57,NZ,1715048971
36,thompson,55.7435,-97.8558,13.09,47,40,3.09,CA,1715049030
37,ballina,-28.8667,153.5667,21.55,76,0,7.95,AU,1715049030
38,severo-yeniseyskiy,60.3725,93.0408,-0.24,88,97,4.92,RU,1715049030
39,olonkinbyen,70.9221,-8.7187,0.17,99,100,6.81,SJ,1715049031
40,bumba,2.1833,22.4667,24.34,72,95,0.93,CD,1715049031
41,puerto ayora,-0.7393,-90.3518,23.08,98,21,2.46,EC,1715049031
42,hithadhoo,-0.6,73.0833,29.5,72,15,3.56,MV,1715049031
43,talnakh,69.4865,88.3972,-9.63,94,94,2.98,RU,1715049032
44,iskateley,67.6803,53.1512,-13.32,92,100,3.58,RU,1715049032
45,albany,42.6001,-73.9662,16.23,64,100,2.7,US,1715048885
46,ribeira grande,38.5167,-28.7,17.65,94,8,4.92,PT,1715049032
47,kudahuvadhoo,2.6708,72.8944,29.37,77,54,5.01,MV,1715049032
48,port lincoln,-34.7333,135.8667,17.21,68,0,3.88,AU,1715049033
49,stanley,54.868,-1.6985,9.88,94,75,2.06,GB,1715049033
50,port mathurin,-19.6833,63.4167,25.56,75,17,12.67,MU,1715049033
51,kavalerovo,44.2661,135.0572,7.53,96,100,1.34,RU,1715049033
52,puerto deseado,-47.7503,-65.8938,3.07,57,70,2.4,AR,1715049033
53,haiku-pauwela,20.9219,-156.3051,24.01,81,40,11.83,US,1715049034
54,lubang,13.8584,120.124,28.93,67,4,4.53,PH,1715049034
55,mount gambier,-37.8333,140.7667,17.93,51,1,2.38,AU,1715049034
56,bethel,41.3712,-73.414,18.11,87,0,1.54,US,1715048809
57,vilyuchinsk,52.9306,158.4028,7.15,80,81,2.8,RU,1715049035
58,flying fish cove,-10.4217,105.6791,25.82,94,100,5.66,CX,1715049035
59,hoima,1.4356,31.3436,18.04,98,97,1.47,UG,1715049035
60,kerikeri,-35.2268,173.9474,19.95,70,42,3.13,NZ,1715049035
61,badger,64.8,-147.5333,3.14,88,100,2.06,US,1715049035
62,urengoy,65.9667,78.3667,-7.16,89,59,4.15,RU,1715049036
63,egilsstadir,65.2653,-14.3948,4.23,73,40,3.98,IS,1715049036
64,alice springs,-23.7,133.8833,19.75,49,85,6.17,AU,1715049036
65,qaqortoq,60.7167,-46.0333,-0.8,67,1,2.29,GL,1715048957
66,obo,5.3998,26.4869,22.99,65,76,1.91,CF,1715049037
67,tolanaro,-25.0319,46.9987,21.15,86,8,5.25,MG,1715049037
68,nar'yan-mar,67.6713,53.087,-13.27,92,100,3.58,RU,1715049037
69,puerto aysen,-45.4,-72.7,-1.12,98,99,1.83,CL,1715049037
70,chifeng,42.2683,118.9636,18.66,23,57,4.5,CN,1715049037
71,jamestown,42.097,-79.2353,12.8,53,0,3.09,US,1715048792
72,yeppoon,-23.1333,150.7333,27.36,74,8,7.74,AU,1715049038
73,bilibino,68.0546,166.4372,-1.02,88,86,1.33,RU,1715049038
74,newman,37.3138,-121.0208,22.13,47,9,1.79,US,1715049038
75,sur,22.5667,59.5289,32.48,56,0,3.99,OM,1715049038
76,dudinka,69.4058,86.1778,-10.35,95,96,2.04,RU,1715048934
77,fort-shevchenko,44.5086,50.263,14.33,59,100,6.64,KZ,1715049039
78,sinop,41.7711,34.8709,5.66,55,0,3.01,TR,1715049039
79,qala i naw,34.9874,63.1289,24.52,29,95,1.94,AF,1715049039
80,mil'kovo,55.6078,37.7956,1.91,95,100,4.96,RU,1715049040
81,mount pearl,47.5166,-52.7813,2.96,93,100,10.29,CA,1715049040
82,edinburgh of the seven seas,-37.0676,-12.3116,14.32,71,91,10.33,SH,1715049040
83,yellowknife,62.456,-114.3525,16.9,55,40,5.66,CA,1715049040
84,miryang,35.4933,128.7489,18.95,67,100,1.55,KR,1715048862
85,paros,37.0833,25.15,17.4,67,17,2.06,GR,1715049041
86,pangody,65.85,74.4859,-7.72,88,79,1.09,RU,1715049041
87,el calafate,-50.3408,-72.2768,-3.25,68,10,1.3,AR,1715048755
88,whitehorse,60.7161,-135.0538,5.43,84,100,4.12,CA,1715049041
89,oranjemund,-28.55,16.4333,13.91,82,0,1.26,NA,1715049041
90,okhotsk,59.3833,143.3,3.3,82,65,2.77,RU,1715049042
91,tangalle,6.024,80.7911,29.09,76,100,3.47,LK,1715049042
92,mont-joli,48.5839,-68.1921,8.72,66,0,5.14,CA,1715049042
93,remire-montjoly,4.9167,-52.2667,28.02,89,100,2.57,GF,1715049042
94,invercargill,-46.4,168.35,10.57,93,100,1.79,NZ,1715049042
95,el bolson,-41.9667,-71.5167,3.4,100,100,0.64,AR,1715048848
96,kapit,2.0167,112.9333,30.61,72,50,0.44,MY,1715049043
97,slavutych,51.5196,30.7343,12.89,99,100,0.89,UA,1715049043
98,linxia chengguanzhen,35.6003,103.2064,16.58,31,100,1.03,CN,1715049043
99,bandiagara,14.3501,-3.6104,29.97,50,99,6.64,ML,1715049043
100,darzab,35.9774,65.3783,21.56,39,66,2.45,AF,1715049044
101,tsiombe,-25.3,45.4833,18.2,82,0,2.04,MG,1715049044
102,tiksi,71.6872,128.8694,-1.67,92,82,4.39,RU,1715049044
103,saipan,15.1355,145.701,31.39,70,40,7.2,MP,1715049044
104,sao vicente,-23.9631,-46.3919,28.1,26,1,1.44,BR,1715049045
105,belen,36.4891,36.2233,11.08,55,40,4.12,TR,1715049045
106,fort bragg,35.139,-79.006,22.32,92,75,1.54,US,1715049045
107,crane,31.3974,-102.3501,26.95,16,93,5.55,US,1715049045
108,port saint john's,-31.6229,29.5448,21.74,47,0,3.73,ZA,1715049045
109,selfoss,63.9331,-20.9971,3.91,77,97,7.81,IS,1715049046
110,el jadid,33.2549,-8.506,17.11,88,100,7.54,MA,1715049046
111,sisimiut,66.9395,-53.6735,-8.19,86,46,3.29,GL,1715049046
112,narasannapeta,18.4167,84.05,31.55,67,25,5.72,IN,1715049047
113,sinabang,2.4803,96.3801,25.5,95,100,2.35,ID,1715049047
114,hami,42.8,93.45,30.4,11,4,0.73,CN,1715049047
115,vorgashor,67.5833,63.95,-18.44,100,60,3.28,RU,1715049047
116,acarau,-2.8856,-40.12,25.33,86,100,3.44,BR,1715049047
117,college,64.8569,-147.8028,3.18,89,100,2.06,US,1715049048
118,lompoc,34.6391,-120.4579,19.32,68,0,10.73,US,1715049048
119,longyearbyen,78.2186,15.6401,-3.09,74,75,5.14,SJ,1715049048
120,ada,43.4166,-116.1262,9.7,74,100,5.14,US,1715048865
121,walvis bay,-22.9575,14.5053,14.53,94,0,3.6,NA,1715049048
122,emmaus,40.5395,-75.4968,18.23,90,0,2.57,US,1715049049
123,egersund,58.4513,5.9997,10.05,71,84,2.36,NO,1715049049
124,zouerate,22.7187,-12.4521,27.45,9,77,2.5,MR,1715049049
125,minas,-34.3759,-55.2377,18.75,99,97,3.39,UY,1715048966
126,luganville,-15.5333,167.1667,26.47,67,96,3.43,VU,1715049050
127,illizi,26.4833,8.4667,26.89,24,30,4.87,DZ,1715049050
128,palmer,42.1584,-72.3287,18.65,78,100,0.92,US,1715049050
129,namibe,-15.1961,12.1522,22.34,70,8,3.39,AO,1715049051
130,ola,59.5833,151.2833,3.41,76,94,3.49,RU,1715049051
131,prado,-17.3411,-39.2208,24.85,86,1,2.98,BR,1715049051
132,nampula,-15.1165,39.2666,17.89,97,7,1.36,MZ,1715049051
133,praia,14.9215,-23.5087,23.3,49,0,4.63,CV,1715049051
134,mar del plata,-38.0023,-57.5575,15.61,79,0,4.63,AR,1715048589
135,hamilton,39.1834,-84.5333,20.14,94,75,2.06,US,1715048760
136,sitka,57.0531,-135.33,8.94,66,75,5.14,US,1715049052
137,zakamensk,50.3741,103.2863,19.21,46,62,3.24,RU,1715049052
138,villa ojo de agua,-29.5,-63.6938,16.12,97,100,5.12,AR,1715049052
139,west island,-12.1568,96.8225,27.99,78,40,5.14,CC,1715049053
140,susuman,62.7833,148.1667,0.55,76,87,1.34,RU,1715049053
141,taro,-8.3862,115.28,25.0,55,60,1.42,ID,1715049053
142,lib,8.3122,167.3766,27.9,83,97,9.43,MH,1715049053
143,port elizabeth,-33.918,25.5701,18.51,99,0,2.06,ZA,1715049053
144,salahonda,2.1019,-78.7217,26.96,85,100,2.42,CO,1715049054
145,lihue,21.9789,-159.3672,28.58,70,100,7.2,US,1715049054
146,homer,59.6425,-151.5483,8.78,69,100,2.06,US,1715049054
147,nuuk,64.1835,-51.7216,-2.66,68,12,5.14,GL,1715049054
148,terrell,32.736,-96.2753,26.38,83,0,7.2,US,1715048796
149,yuzhno-kurilsk,44.0306,145.8556,5.76,99,100,3.3,RU,1715049055
150,bamboo flat,11.7,92.7167,31.05,74,40,1.03,IN,1715049055
151,kulhudhuffushi,6.6221,73.07,29.39,74,100,4.25,MV,1715049055
152,kayangel,8.0823,134.7173,28.37,71,22,4.29,PW,1715049055
153,hawaiian paradise park,19.5933,-154.9731,23.91,91,100,3.6,US,1715049056
154,kununurra,-15.7667,128.7333,29.99,37,56,4.63,AU,1715049056
155,new norfolk,-42.7826,147.0587,16.62,53,16,0.42,AU,1715049056
156,east london,-33.0153,27.9116,24.72,35,0,4.04,ZA,1715049056
157,wuchuan,21.4571,110.7659,28.71,73,88,2.71,CN,1715048905
158,afaahiti,-17.75,-149.2833,28.93,86,80,9.03,PF,1715049057
159,thunder bay,48.4001,-89.3168,7.99,65,75,2.57,CA,1715049044
160,howard springs,-12.497,131.047,32.12,61,75,3.7,AU,1715049057
161,cannonvale,-20.2833,148.7,23.66,85,96,5.87,AU,1715049058
162,merizo village,13.2658,144.6691,31.31,79,100,5.38,GU,1715049058
163,naze,28.3667,129.4833,24.51,64,21,6.1,JP,1715049058
164,happy valley-goose bay,53.3168,-60.3315,7.17,65,75,1.54,CA,1715049010
165,barclayville,4.6797,-8.2339,25.16,93,98,1.32,LR,1715049059
166,yigo village,13.5361,144.8886,30.62,63,40,5.14,GU,1715049059
167,santarem,-2.4431,-54.7083,26.07,100,75,1.54,BR,1715049059
168,nadym,65.5333,72.5167,-9.46,90,76,3.16,RU,1715048848
169,mogocha,53.7333,119.7667,19.68,27,93,4.94,RU,1715049060
170,derzhavinsk,51.1,66.3167,10.33,81,100,3.36,KZ,1715049060
171,mermoz boabab,14.7065,-17.4758,22.88,94,0,6.17,SN,1715049060
172,xining,36.6167,101.7667,15.05,26,100,1.23,CN,1715049060
173,geraldton,-28.7667,114.6,20.23,52,0,2.57,AU,1715049060
174,tosontsengel,48.7567,98.2839,18.94,20,100,4.22,MN,1715049061
175,north shore,-36.8,174.75,17.48,69,100,4.02,NZ,1715049061
176,luderitz,-26.6481,15.1594,14.64,68,0,3.01,NA,1715049061
177,bemidji,47.4736,-94.8803,18.27,39,0,8.23,US,1715048840
178,nogliki,51.8333,143.1667,1.3,66,98,4.47,RU,1715049062
179,xilin hot,43.9667,116.0333,19.35,18,0,0.63,CN,1715049062
180,marka,1.7159,44.7717,26.51,90,100,3.65,SO,1715049062
181,buala,-8.145,159.5921,26.99,88,100,2.69,SB,1715049063
182,usinsk,65.9939,57.5281,-5.52,77,100,7.6,RU,1715049063
183,marsh harbour,26.5412,-77.0636,23.84,77,6,5.94,BS,1715049009
184,kegen,43.0197,79.2203,12.41,66,100,2.18,KZ,1715049063
185,khash,28.2211,61.2158,24.11,17,0,0.78,IR,1715049063
186,broome,42.2506,-75.833,13.65,80,100,1.08,US,1715049064
187,kapa'a,22.0752,-159.319,28.99,77,100,7.2,US,1715049064
188,cabo san lucas,22.8909,-109.9124,26.17,53,100,2.06,MX,1715049064
189,mahdia,35.5047,11.0622,18.97,78,87,2.4,TN,1715048976
190,santiago de cao,-7.9589,-79.2392,18.07,94,75,4.63,PE,1715049065
191,atafu village,-8.5421,-172.5159,29.97,71,11,3.82,TK,1715049065
192,borogontsy,62.6683,131.1683,14.02,46,100,6.52,RU,1715049065
193,howrah,22.5892,88.3103,25.0,83,75,2.57,IN,1715049065
194,pithoro,25.5167,69.3833,35.7,22,0,4.62,PK,1715049066
195,alofi,-19.0595,-169.9187,27.94,89,75,2.57,NU,1715048867
196,dalandzadgad,43.5708,104.425,22.22,14,6,2.99,MN,1715049066
197,balatonfured,46.9619,17.8719,15.75,62,100,2.68,HU,1715049066
198,praia da vitoria,38.7333,-27.0667,18.75,94,75,12.07,PT,1715049066
199,mount isa,-20.7333,139.5,27.87,28,42,6.69,AU,1715049067
200,nova sintra,14.8667,-24.7167,24.11,75,0,2.26,CV,1715049067
201,plastun,44.7561,136.2939,4.36,82,100,4.39,RU,1715049067
202,morioka,39.7036,141.1525,17.72,97,100,3.15,JP,1715048785
203,labrador city,52.9463,-66.9114,1.95,78,40,3.6,CA,1715049068
204,carnarvon,-24.8667,113.6333,23.34,42,0,7.21,AU,1715049068
205,aitape,-3.1374,142.3475,29.53,76,100,2.21,PG,1715049068
206,aykhal,66.0,111.5,0.89,97,98,11.34,RU,1715049068
207,weno,7.4515,151.8468,28.97,84,75,3.09,FM,1715049069
208,chiredzi,-21.05,31.6667,14.51,87,0,1.28,ZW,1715049069
209,nagqu,31.5,92.0,5.14,41,100,3.45,CN,1715049069
210,essaouira,31.5125,-9.77,20.72,64,90,7.2,MA,1715049070
211,kachug,53.9606,105.8817,13.36,67,100,4.47,RU,1715049070
212,punta arenas,-53.15,-70.9167,0.06,93,75,1.03,CL,1715049070
213,uturoa,-16.7333,-151.4333,27.97,81,23,8.86,PF,1715049070
214,kodiak,57.79,-152.4072,6.73,76,100,5.66,US,1715049070
215,grande prairie,55.1667,-118.8027,15.1,26,100,6.17,CA,1715048862
216,minas de marcona,-15.2119,-75.1103,14.82,86,63,4.52,PE,1715049071
217,ust-nera,64.5667,143.2,5.6,65,36,2.81,RU,1715049071
218,acapulco de juarez,16.8634,-99.8901,26.9,83,0,2.06,MX,1715048863
219,axim,4.8699,-2.2405,27.28,84,100,1.42,GH,1715049071
220,corinto,37.9407,22.9573,16.8,74,100,2.37,GR,1715049072
221,dili,-8.5586,125.5736,29.25,71,57,2.64,TL,1715049072
222,koryazhma,61.3143,47.1691,-3.94,69,55,2.65,RU,1715049072
223,bantay,17.5847,120.3892,32.76,75,0,5.5,PH,1715049073
224,namdrik,5.5994,168.1028,28.15,82,75,7.9,MH,1715049073
225,isangel,-19.55,169.2667,25.07,74,61,5.63,VU,1715049073
226,hasaki,35.7333,140.8333,19.22,80,100,12.06,JP,1715049073
227,lorengau,-2.0226,147.2712,29.39,75,100,1.83,PG,1715049073
228,fale old settlement,-9.3852,-171.2468,30.0,70,9,3.66,TK,1715049074
229,kyaikkami,16.08,97.5675,30.91,63,0,2.86,MM,1715049074
230,turbat,26.0023,63.044,32.24,27,0,0.84,PK,1715049074
231,swakopmund,-22.6833,14.5333,14.47,88,0,0.45,NA,1715049074
232,nasiriyah,31.0521,46.261,23.67,55,0,1.81,IQ,1715049075
233,nguigmi,14.2495,13.1092,29.46,23,90,3.9,NE,1715049075
234,suva,-18.1416,178.4415,25.71,94,75,1.54,FJ,1715049075
235,jimo,36.3897,120.4622,20.88,64,18,5.0,CN,1715049075
236,nizhnesortymskiy,62.4397,71.7603,0.26,100,100,6.58,RU,1715049075
237,neverkino,52.7854,46.7417,5.95,79,100,5.19,RU,1715049076
238,copalillo,18.0333,-99.1167,26.86,54,100,3.28,MX,1715049076
239,zeya,53.75,127.2667,15.83,35,36,2.2,RU,1715049076
240,mazamari,-11.3258,-74.5308,24.99,75,100,0.53,PE,1715049076
241,magadan,59.5667,150.8,3.07,77,88,2.35,RU,1715048378
242,mombetsu,44.3525,143.3525,4.01,100,75,8.75,JP,1715049077
243,sao felix do xingu,-6.6447,-51.995,23.34,93,47,0.85,BR,1715049077
244,nuku'alofa,-21.1333,-175.2,28.19,94,75,2.57,TO,1715049077
245,keningau,5.3378,116.1602,32.28,55,23,1.13,MY,1715049077
246,portland,45.5234,-122.6762,12.13,72,75,5.14,US,1715048945
247,falmouth,50.1544,-5.0711,11.5,92,20,3.6,GB,1715049078
248,lesosibirsk,58.2358,92.4828,5.51,58,59,4.29,RU,1715049078
249,isafjordur,66.0755,-23.124,1.85,96,96,4.73,IS,1715049078
250,san rafael,-34.6177,-68.3301,12.24,73,1,2.66,AR,1715048824
251,san vicente de canete,-13.0751,-76.3835,18.49,94,67,1.93,PE,1715049079
252,fortuna,40.5982,-124.1573,12.77,85,75,3.09,US,1715049079
253,jiayuguan,39.8167,98.3,21.2,14,15,3.44,CN,1715049080
254,corfu,39.62,19.9197,16.22,94,20,0.0,GR,1715048942
255,el granada,37.5027,-122.4694,16.71,81,75,9.26,US,1715049080
256,rosarito,32.3333,-117.0333,18.63,69,2,4.03,MX,1715049080
257,oyama,36.3,139.8,21.99,57,100,7.5,JP,1715049081
258,san andres,12.5847,-81.7006,29.01,84,20,3.09,CO,1715049004
259,tromso,69.6496,18.957,-0.99,64,50,4.12,NO,1715048809
260,eyl,7.9803,49.8164,27.92,80,100,2.38,SO,1715049081
261,kingscliff,-28.2667,153.5667,23.2,83,75,5.66,AU,1715049082
262,det udom,14.906,105.0784,26.9,54,99,4.2,TH,1715049006
263,rio preto da eva,-2.6994,-59.6997,22.49,99,74,1.1,BR,1715049082
264,kambove,-10.8764,26.5969,16.78,88,90,1.37,CD,1715049082
265,sept-iles,50.2001,-66.3821,7.0,90,0,3.6,CA,1715049083
266,ancud,-41.8697,-73.8203,6.13,93,99,4.06,CL,1715049083
267,fedorovskiy,45.0972,40.9517,8.14,88,81,2.35,RU,1715049083
268,coahuayana de hidalgo,18.7,-103.6583,21.68,84,100,0.81,MX,1715049084
269,chonchi,-42.6128,-73.8092,5.07,98,100,0.67,CL,1715049084
270,pohang,36.0322,129.365,12.3,93,100,5.42,KR,1715048917
271,enewetak,11.3474,162.3373,28.03,79,93,8.12,MH,1715049085
272,usogorsk,63.4106,48.6872,-1.3,58,79,3.77,RU,1715049085
273,moradabad,28.8333,78.7833,32.28,39,21,9.34,IN,1715049085
274,san antonio de pale,-1.4014,5.6325,27.88,80,100,6.2,GQ,1715049085
275,santa cruz,-17.8,-63.1667,25.7,83,86,4.63,BO,1715048985
276,oriximina,-1.7656,-55.8661,24.88,96,100,1.24,BR,1715049086
277,tambura,5.6,27.4667,23.22,61,21,1.64,SS,1715049086
278,vilyuysk,63.7553,121.6247,2.78,85,100,4.47,RU,1715049086
279,cestos city,5.46,-9.5828,26.49,84,82,0.61,LR,1715049087
280,san luis,-33.295,-66.3356,11.94,85,0,5.09,AR,1715048839
281,bengkulu,-3.8004,102.2655,26.67,88,100,2.06,ID,1715049087
282,niort,46.3333,-0.3333,9.23,93,14,0.89,FR,1715049087
283,sassandra,4.95,-6.0833,26.6,88,100,1.45,CI,1715049087
284,coaldale,49.7167,-112.6185,13.34,38,75,10.29,CA,1715049088
285,lata,40.1629,-8.3327,9.49,95,0,1.3,PT,1715049088
286,la'ie,21.6477,-157.9253,26.98,75,45,3.13,US,1715049088
287,burang,30.25,81.1667,1.43,67,70,1.3,CN,1715049088
288,kailua-kona,19.6406,-155.9956,26.98,76,75,5.14,US,1715048849
289,chibougamau,49.9168,-74.3659,5.79,70,100,5.66,CA,1715049089
290,malango,-2.9627,119.9001,28.58,60,100,1.61,ID,1715049089
291,mahina,-17.5065,-149.489,29.87,66,75,3.09,PF,1715049089
292,simpang,-1.2667,104.0833,25.48,97,98,0.98,ID,1715049089
293,diego de almagro,-26.3667,-70.05,12.26,75,100,1.38,CL,1715049089
294,san matias,-16.3667,-58.4,24.63,62,16,2.64,BO,1715049090
295,nantucket,41.2835,-70.0995,14.06,99,100,3.6,US,1715048833
296,kruisfontein,-34.0033,24.7314,14.92,73,0,1.71,ZA,1715049090
297,stjordalshalsen,63.4681,10.9262,6.07,81,75,3.6,NO,1715049090
298,mgandu,-5.95,34.1333,16.85,93,89,2.55,TZ,1715049090
299,butajira,8.1167,38.3667,16.28,81,100,1.67,ET,1715049091
300,hastings,50.8552,0.5729,12.11,91,31,4.02,GB,1715048896
301,fisterra,42.9049,-9.2629,10.42,86,4,3.69,ES,1715049091
302,fonte boa,-2.4959,-66.2662,23.6,99,100,1.82,BR,1715049091
303,campoverde,-8.4753,-74.8058,27.83,86,97,1.29,PE,1715049092
304,key west,24.5557,-81.7826,27.0,80,40,7.72,US,1715049092
305,brownwood,31.7093,-98.9912,25.62,83,20,5.14,US,1715049092
306,isla mujeres,21.2311,-86.731,28.03,85,2,5.63,MX,1715049092
307,avarua,-21.2078,-159.775,27.03,94,75,5.14,CK,1715049092
308,island harbour,50.724,-1.2758,12.9,75,58,1.34,GB,1715049093
309,jayapura,-2.5333,140.7,30.66,80,100,0.76,ID,1715049093
310,barra de santo antonio,-9.4047,-35.5072,25.6,87,100,5.56,BR,1715049093
311,sokoni,-6.4333,39.55,26.44,83,98,6.43,TZ,1715049093
312,serendah,3.3646,101.6041,31.94,84,94,0.34,MY,1715049093
313,steinbach,50.1667,8.5667,12.57,92,75,2.57,DE,1715049094
314,crixas,-14.5489,-49.9692,24.6,59,66,1.38,BR,1715049094
315,chos malal,-37.3781,-70.2709,6.39,49,0,3.26,AR,1715049094
316,ar raqqah,35.95,39.0167,14.83,57,8,5.58,SY,1715049094
317,wladyslawowo,54.7909,18.4009,8.89,85,95,8.18,PL,1715049095
318,petropavlovsk-kamchatsky,53.0452,158.6483,6.33,78,75,4.0,RU,1715049095
319,buka,40.8108,69.1986,23.64,40,30,1.09,UZ,1715049095
320,chalus,36.655,51.4204,15.7,100,100,4.12,IR,1715049095
321,rio grande,-32.035,-52.0986,20.06,97,100,3.92,BR,1715049096
322,mukalla,14.5425,49.1242,28.76,77,11,1.8,YE,1715049096
323,wajir,1.7471,40.0573,25.14,83,100,4.69,KE,1715049096
324,ridder,50.355,83.5133,12.91,62,4,0.68,KZ,1715049096
325,nadi,-17.8,177.4167,31.0,66,75,2.57,FJ,1715049097
326,kaihua,23.3687,104.28,22.26,66,54,4.54,CN,1715049097
327,lindsdal,56.7333,16.3,4.92,83,4,3.09,SE,1715049097
328,dzhalagash,45.0833,64.6667,21.32,39,6,0.86,KZ,1715049097
329,darwin,-12.4611,130.8418,31.61,38,0,6.17,AU,1715048609
330,val-d'or,48.1002,-77.7828,7.05,76,20,1.54,CA,1715049074
331,brookings,44.3114,-96.7984,13.4,98,100,7.2,US,1715049098
332,champerico,14.3,-91.9167,29.77,74,57,3.13,GT,1715049098
333,cockburn town,21.4612,-71.1419,25.43,84,15,10.03,TC,1715048969
334,bryant,34.5959,-92.4891,24.43,88,58,3.58,US,1715049099
335,sao luiz gonzaga,-28.4083,-54.9608,20.74,77,71,3.99,BR,1715049007
336,miles city,46.4083,-105.8406,8.54,93,100,15.95,US,1715049099
337,callaway,30.153,-85.5699,24.97,88,0,3.6,US,1715049099
338,sulya,12.5667,75.3833,29.46,72,60,0.82,IN,1715049100
339,la paz,-16.5,-68.15,10.88,79,40,4.12,BO,1715048997
340,constantia,44.1833,28.65,10.39,78,31,5.53,RO,1715048935
341,kodinsk,58.6881,99.1844,4.13,53,100,4.86,RU,1715049100
342,aoulef,26.9667,1.0833,28.22,14,85,4.42,DZ,1715049100
343,languyan,5.2618,120.0807,30.36,68,88,1.12,PH,1715049101
344,crucecita,-28.95,-58.9833,24.72,82,100,2.26,AR,1715049101
345,flin flon,54.7682,-101.865,12.79,47,100,4.54,CA,1715049101
346,yulinshi,38.2906,109.7494,22.13,12,1,3.28,CN,1715049101
347,saudarkrokur,65.7461,-19.6394,4.21,71,62,4.36,IS,1715049102
348,huayin,34.5675,110.0921,27.61,32,79,2.91,CN,1715049102
349,brandon,27.9378,-82.2859,27.08,82,40,1.79,US,1715049102
350,mangrol,21.1167,70.1167,28.52,76,0,4.16,IN,1715049103
351,greymouth,-42.4667,171.2,12.6,51,16,1.65,NZ,1715049103
352,madugula,17.9167,82.8,28.58,64,0,2.54,IN,1715049103
353,oum hadjer,13.2954,19.6966,29.72,11,0,3.26,TD,1715049103
354,lago da pedra,-4.3333,-45.1667,22.57,79,97,1.96,BR,1715049103
355,camayenne,9.535,-13.6878,27.81,86,63,2.97,GN,1715049091
356,mozhaysk,55.5019,36.0272,0.94,98,100,3.84,RU,1715049104
357,thinadhoo,0.5333,72.9333,29.23,74,48,3.83,MV,1715049104
358,syracuse,37.0881,15.2792,18.77,49,100,2.18,IT,1715048979
359,santa vitoria do palmar,-33.5189,-53.3681,20.06,99,99,3.67,BR,1715049104
360,margate,51.3813,1.3862,11.5,95,100,0.89,GB,1715049044
361,de queen,34.0379,-94.3413,25.07,83,75,3.6,US,1715049020
362,kirakira,-10.4544,161.9205,31.02,68,90,5.87,SB,1715049105
363,kurchum,48.5722,83.6542,13.43,59,54,1.52,KZ,1715049105
364,utrik,11.2278,169.8474,27.27,80,84,8.95,MH,1715049106
365,tiruchchendur,8.4833,78.1167,32.16,62,21,0.29,IN,1715049106
366,parnu,58.3859,24.4971,-0.95,86,4,2.57,EE,1715049106
367,holualoa,19.6228,-155.9522,24.91,77,75,5.14,US,1715049106
368,bonthe,7.5264,-12.505,27.12,83,92,1.46,SL,1715049106
369,qarqaraly,49.4058,75.4742,11.4,49,100,4.25,KZ,1715049107
370,cherdyn',60.403,56.4787,-0.92,87,100,4.89,RU,1715049107
371,nemuro,43.3236,145.575,7.19,99,100,5.67,JP,1715049107
372,cadale,2.7603,46.3222,27.73,80,100,4.09,SO,1715049107
373,amasra,41.7463,32.3863,8.71,75,5,2.28,TR,1715049107
374,lamu,-2.2717,40.902,25.94,88,93,5.72,KE,1715049108
375,persianovka,47.5297,39.4183,14.53,86,34,3.57,RU,1715049108
376,matadi,-5.8167,13.45,24.53,95,5,0.55,CD,1715049108
377,ambon,-3.6954,128.1814,29.08,84,40,3.09,ID,1715049010
378,san jose de guanipa,8.8872,-64.1651,28.76,57,100,6.62,VE,1715049108
379,twon-brass,4.3151,6.2418,28.75,81,100,3.7,NG,1715049109
380,la passe,45.5549,-0.8967,13.32,89,85,6.47,FR,1715049109
381,yung shue wan,22.2333,114.1167,29.89,80,77,0.45,HK,1715049109
382,al mijlad,11.0333,27.7333,28.19,12,4,5.32,SD,1715049109
383,melitopol,46.8422,35.3731,9.25,66,7,2.79,UA,1715049110
384,hilo,19.7297,-155.09,24.03,95,100,3.6,US,1715049110
385,daru,-9.0763,143.2092,27.55,87,100,6.9,PG,1715049110
386,hadibu,12.65,54.0333,28.72,72,22,2.34,YE,1715049110
387,skeldon,5.8833,-57.1333,25.33,91,87,2.09,GY,1715049110
388,mundybash,53.211,87.2983,11.67,53,0,1.77,RU,1715049111
389,kidal,18.4411,1.4078,33.21,9,100,1.89,ML,1715049111
390,greenville,35.6127,-77.3663,21.01,96,40,5.14,US,1715049111
391,bandar-e anzali,37.4727,49.4622,14.84,91,100,1.44,IR,1715049007
392,dampit,-8.2116,112.7493,29.36,55,38,2.59,ID,1715049111
393,pirai do sul,-24.5261,-49.9486,16.0,74,4,0.69,BR,1715048970
394,sumbawa besar,-8.5,117.4333,32.44,55,5,2.37,ID,1715049112
395,shakawe,-18.3667,21.85,18.79,39,82,1.42,BW,1715049112
396,ugoofaaru,5.6667,73.0,29.33,75,100,2.51,MV,1715049112
397,babayevo,59.3936,35.9371,-1.64,65,85,1.79,RU,1715049113
398,kedougou,12.5579,-12.1743,29.86,54,65,4.68,SN,1715049113
399,la maddalena,41.2142,9.4083,17.09,84,99,5.78,IT,1715049113
400,kitimat,54.0524,-128.6534,8.21,78,85,2.68,CA,1715049113
401,dzhangala,49.2167,50.3333,14.54,49,17,2.56,KZ,1715049113
402,khorixas,-20.3667,14.9667,19.33,34,0,2.15,NA,1715049114
403,weiz,47.2167,15.6167,13.91,72,100,1.83,AT,1715049114
404,altay,47.8667,88.1167,14.41,64,100,1.7,CN,1715049114
405,sao tome,0.3365,6.7273,27.88,82,93,4.15,ST,1715049114
406,callao,-12.0667,-77.15,21.51,82,0,6.69,PE,1715049115
407,lesparre-medoc,45.3,-0.9333,11.22,92,96,4.56,FR,1715049115
408,brisas de zicatela,15.8369,-97.0419,28.29,89,0,2.57,MX,1715049115
409,finote selam,10.7,37.2667,18.63,27,51,1.48,ET,1715049115
410,tidjikja,18.5564,-11.4271,29.71,11,52,2.89,MR,1715049115
411,mitchell,43.7094,-98.0298,14.3,86,100,6.2,US,1715049116
412,paphos,34.7667,32.4167,13.88,77,20,2.06,CY,1715049116
413,zhytkavichy,52.2168,27.8561,11.09,96,100,4.88,BY,1715049116
414,san isidro,-12.1167,-77.05,21.12,79,0,6.69,PE,1715049116
415,shakhun'ya,57.6758,46.6114,0.47,61,36,1.44,RU,1715049116
416,saurimo,-9.6608,20.3916,17.51,71,43,1.95,AO,1715049117
417,hammerfest,70.6634,23.6821,-2.75,74,40,4.12,NO,1715049117
418,la foa,-21.7108,165.8276,24.4,61,0,5.63,NC,1715049117
419,kismayo,-0.3582,42.5454,26.45,88,100,4.39,SO,1715049117
420,autazes,-3.5797,-59.1306,24.26,99,92,0.96,BR,1715048995
421,soderhamn,61.3037,17.0592,-2.8,83,9,1.67,SE,1715049118
422,mizdah,31.4451,12.9801,19.97,26,79,3.19,LY,1715049118
423,kapuskasing,49.4169,-82.4331,9.05,76,20,1.03,CA,1715048882
424,vorkuta,67.5,64.0,-18.27,100,76,1.34,RU,1715048963
425,san fernando de apure,7.8878,-67.4724,28.52,74,100,1.01,VE,1715048866
426,saint-louis,16.3333,-15.0,27.1,20,0,4.55,SN,1715049119
427,dingzhou,38.5131,114.9956,23.06,27,1,4.95,CN,1715049119
428,maturin,9.75,-63.1767,27.01,68,99,3.48,VE,1715048803
429,iquique,-20.2208,-70.1431,19.02,80,37,3.4,CL,1715048511
430,saint-francois,46.4154,3.9054,9.25,88,0,1.03,FR,1715049120
431,mirnyy,62.5353,113.9611,2.91,99,100,6.71,RU,1715049120
432,ibia,-19.4783,-46.5389,21.7,82,1,1.78,BR,1715049120
433,sterling,39.0062,-77.4286,20.79,87,40,0.45,US,1715049120
434,liperi,62.5333,29.3667,0.26,64,75,1.03,FI,1715049120
435,dryden,49.7833,-92.7503,16.16,39,0,3.09,CA,1715049121
436,aasiaat,68.7098,-52.8699,-13.83,90,65,2.45,GL,1715049121
437,vielha,42.6846,0.7726,0.59,97,50,2.09,ES,1715049121
438,sinjai,-5.1241,120.253,29.3,74,25,2.31,ID,1715049121
439,busko-zdroj,50.4708,20.7188,13.94,95,98,1.43,PL,1715049122
440,north bend,43.4065,-124.2243,11.2,82,100,6.17,US,1715049122
441,williams lake,52.1415,-122.1445,10.59,61,75,5.66,CA,1715049122
442,krasnoyarskaya,47.6501,42.0443,11.64,61,1,4.39,RU,1715049122
443,bubaque,11.2833,-15.8333,25.93,74,3,6.38,GW,1715049122
444,ust'-ordynskiy,52.805,104.7508,14.07,62,100,6.25,RU,1715049123
445,al jawf,29.5,38.75,14.75,51,0,2.91,SA,1715049123
446,ilok,45.2222,19.3769,13.59,82,19,2.48,HR,1715049123
447,dapaong,10.8639,0.205,31.19,49,86,2.38,TG,1715049123
448,tadine,-21.55,167.8833,24.69,59,0,5.18,NC,1715049124
449,zag,46.9441,99.165,17.81,16,4,1.7,MN,1715049124
450,ujae,8.9322,165.7642,27.97,82,82,9.19,MH,1715049124
451,katsuren-haebaru,26.3369,127.8719,28.43,71,40,6.17,JP,1715049124
452,justo daract,-33.8594,-65.1828,13.88,78,96,3.6,AR,1715049124
453,rockland,41.1668,-74.0496,19.36,91,100,1.56,US,1715049125
454,visby,57.6409,18.296,3.12,87,0,5.14,SE,1715049125
455,guerrero negro,27.9769,-114.0611,15.49,75,39,7.11,MX,1715049125
456,chitungwiza,-18.0127,31.0756,14.14,76,0,2.74,ZW,1715049125
457,oroqen zizhiqi,50.5667,123.7167,22.11,17,5,1.65,CN,1715049126
458,san ignacio,17.1561,-89.0714,32.08,58,0,5.14,BZ,1715049126
459,enriquillo,17.9,-71.2333,25.24,85,1,3.8,DO,1715049126
460,dhemaji,27.4833,94.5833,21.04,45,100,2.07,IN,1715049126
461,tazacorte,28.629,-17.9293,21.19,74,40,3.6,ES,1715049126
462,kloulklubed,7.0419,134.2556,32.28,73,32,4.13,PW,1715049127
463,cabedelo,-6.9811,-34.8339,25.37,82,100,2.95,BR,1715048987
464,salinopolis,-0.6136,-47.3561,26.31,89,100,3.56,BR,1715049127
465,polyarnyy,69.1989,33.4478,-2.83,63,100,6.13,RU,1715049127
466,balancan,17.8,-91.5333,30.7,43,1,4.24,MX,1715049127
467,barra do corda,-5.5,-45.25,21.88,79,51,0.38,BR,1715049128
468,ribeira brava,32.65,-17.0667,20.4,75,99,3.39,PT,1715049128
469,zapolyarnyy,69.4154,30.8136,-3.4,78,100,4.34,RU,1715049128
470,belyy yar,53.6039,91.3903,11.94,50,0,3.0,RU,1715049128
471,sakaiminato,35.55,133.2333,18.99,68,75,10.29,JP,1715049128
472,fartura,-23.3883,-49.51,21.89,59,26,1.21,BR,1715049129
473,matamata,-37.8106,175.7624,14.97,70,88,1.93,NZ,1715049129
474,neiafu,-18.65,-173.9833,29.38,84,75,5.14,TO,1715049129
475,vila franca do campo,37.7167,-25.4333,18.27,99,100,7.84,PT,1715049129
476,arba minch,6.0333,37.55,19.23,88,98,1.13,ET,1715049130
477,saint-philippe,-21.3585,55.7679,22.77,77,42,6.57,RE,1715049130
478,bongaree,-27.0797,153.1586,23.37,77,20,8.84,AU,1715049130
479,cam ranh,11.9214,109.1591,30.98,70,40,2.06,VN,1715049130
480,smithers,54.7804,-127.1743,10.18,34,75,3.6,CA,1715049131
481,belabo,4.9333,13.3,24.54,79,100,0.8,CM,1715049131
482,sao jose da coroa grande,-8.8978,-35.1478,25.78,89,92,2.4,BR,1715049131
483,okha,53.5739,142.9478,2.92,63,35,3.58,RU,1715049132
484,coronel dorrego,-38.7187,-61.2873,9.89,76,0,4.68,AR,1715049132
485,gadzhiyevo,69.2551,33.3362,-2.22,61,100,7.26,RU,1715049132
486,baukau,51.5526,7.2042,13.6,94,100,1.65,DE,1715049132
487,faget,45.85,22.1833,13.28,94,99,1.81,RO,1715049133
488,karratha,-20.7377,116.8463,31.45,25,0,1.0,AU,1715049133
489,severnoye,56.3491,78.3619,7.21,51,100,5.36,RU,1715049133
490,gadani,25.1185,66.7299,28.12,76,0,4.48,PK,1715049133
491,nyurba,63.2842,118.3319,2.42,99,100,6.7,RU,1715049134
492,sao joao da barra,-21.6403,-41.0511,24.38,89,0,4.04,BR,1715049134
493,tazovsky,67.4667,78.7,-10.15,94,93,3.52,RU,1715049134
494,zaragoza,41.6561,-0.8773,12.79,62,0,4.12,ES,1715049134
495,queenstown,-31.8976,26.8753,13.48,43,0,2.62,ZA,1715049135
496,eynesil,41.0645,39.1438,11.89,82,100,4.39,TR,1715049135
497,coquimbo,-29.9533,-71.3436,11.85,76,0,3.6,CL,1715048596
498,vila velha,-20.3297,-40.2925,22.97,94,0,1.54,BR,1715049136
499,dawson creek,55.7666,-120.2362,14.8,21,20,7.2,CA,1715049136
500,huy-neinstedt,51.9667,10.9167,13.29,93,100,1.18,DE,1715049136
501,morondava,-20.2833,44.2833,21.58,65,0,5.17,MG,1715049136
502,tura,25.5198,90.2201,29.23,52,18,0.95,IN,1715049136
503,dunedin,-45.8742,170.5036,13.22,58,30,1.34,NZ,1715049071
504,rumphi,-11.0186,33.8575,16.8,96,2,1.68,MW,1715049137
505,khandyga,62.6667,135.6,9.49,72,79,3.7,RU,1715049137
506,murun-kuren,49.6342,100.1625,23.04,17,100,3.56,MN,1715049138
507,khanty-mansiysk,61.0042,69.0019,5.06,52,0,5.0,RU,1715049138
508,bathsheba,13.2167,-59.5167,28.34,78,40,5.66,BB,1715049138
509,padang,-0.9492,100.3543,29.03,87,100,1.32,ID,1715049138
510,sambava,-14.2667,50.1667,22.41,89,100,4.88,MG,1715049138
511,ostersund,63.1792,14.6357,2.25,69,9,5.14,SE,1715049139
512,peniche,39.3558,-9.3811,12.82,91,21,7.68,PT,1715049139
513,port augusta,-32.5,137.7667,23.3,31,0,4.04,AU,1715049139
514,itamaraca,-7.7478,-34.8256,25.03,88,81,0.25,BR,1715049140
515,springhill,33.006,-93.4668,25.01,76,58,4.92,US,1715049140
516,iwaki,37.05,140.8833,18.4,89,100,7.36,JP,1715049140
517,raja,8.4596,25.678,29.14,38,100,1.28,SS,1715049140
518,nema,57.5067,50.5011,0.93,69,5,1.26,RU,1715049140
519,san luis de la loma,17.2706,-100.8939,26.51,72,100,2.94,MX,1715049141
520,akureyri,65.6835,-18.0878,3.96,70,87,6.06,IS,1715049141
521,cox's bazar,21.4532,91.9798,28.4,63,100,4.08,BD,1715049141
522,ouarzazat,30.9189,-6.8934,21.16,23,0,1.03,MA,1715049141
523,tucuma,-0.1833,-50.05,25.58,91,98,1.77,BR,1715049141
524,san carlos del zulia,9.0,-71.9135,27.32,78,99,0.22,VE,1715049142
525,galveston,29.3669,-94.9669,27.06,88,100,7.2,US,1715049102
526,tarko-sale,64.9225,77.785,-4.17,82,70,2.22,RU,1715049142
527,bandrele,-12.9067,45.1914,26.86,89,75,3.09,YT,1715049142
528,ciudad madero,22.2667,-97.8333,29.11,89,100,4.53,MX,1715049026
529,prince rupert,54.3161,-130.3201,8.05,83,75,7.72,CA,1715049143
530,chateaudun,48.0833,1.3333,10.33,98,98,1.64,FR,1715049143
531,valparaiso,-33.0393,-71.6273,6.8,81,0,3.6,CL,1715049143
532,lianzhou,24.7811,112.3825,26.16,78,74,1.09,CN,1715049143
533,fort st. john,56.2499,-120.8529,14.94,21,75,7.2,CA,1715049144
534,glace bay,46.1969,-59.957,6.76,96,100,2.57,CA,1715049144
535,dolores,-36.3132,-57.6792,15.44,93,100,4.72,AR,1715048887
536,mahanoro,-19.9,48.8,20.53,89,38,2.22,MG,1715049144
537,ketchikan,55.3422,-131.6461,9.26,71,40,6.17,US,1715049144
538,jacksonville,30.3322,-81.6556,25.01,80,0,3.6,US,1715048764
539,pechora,65.1472,57.2244,-0.64,57,100,0.45,RU,1715049145
540,kunming,25.0389,102.7183,18.96,45,0,2.0,CN,1715049145
541,tralee,52.2704,-9.7026,7.8,93,69,2.28,IE,1715048852
542,westerland,54.9079,8.3033,11.63,93,100,0.0,DE,1715049145
543,sittwe,20.15,92.9,29.55,52,100,3.39,MM,1715049146
544,kiunga,-6.1219,141.2906,29.88,73,82,1.07,PG,1715049146
545,roma,43.2128,-75.4557,12.63,69,0,0.0,US,1715048936
546,tarawa,1.419,172.984,31.05,70,40,2.06,KI,1715049146
547,longgang,37.6508,120.3286,14.14,63,5,8.4,CN,1715049147
548,leh,34.1667,77.5833,1.17,52,4,0.55,IN,1715049147
549,orkney,-26.9802,26.6727,13.03,29,0,2.06,ZA,1715049147
550,jonquiere,48.4165,-71.2488,10.67,60,23,5.66,CA,1715049038
551,labytnangi,66.6572,66.4183,-15.35,96,56,3.66,RU,1715049148
552,sao francisco,-15.9486,-44.8644,22.64,74,5,2.46,BR,1715049148
553,frutal,-20.0247,-48.9406,22.36,62,2,3.16,BR,1715049148
554,phan thiet,10.9333,108.1,33.5,52,39,6.61,VN,1715049148
555,bom jardim,-7.7958,-35.5872,22.32,95,100,1.22,BR,1715049149
556,nove straseci,50.1527,13.9004,12.91,88,100,1.34,CZ,1715049149
557,touros,-5.1989,-35.4608,26.0,89,39,3.72,BR,1715048957
558,yilan,24.757,121.753,29.92,70,98,2.98,TW,1715049149
559,malpica,43.3228,-8.8105,12.96,79,52,1.09,ES,1715049150
560,kangding,30.0513,101.9603,11.26,97,100,1.85,CN,1715049150
561,barcelos,41.5388,-8.6151,13.25,93,20,1.84,PT,1715049150
562,muynoq,43.7683,59.0214,17.86,70,99,8.07,UZ,1715049150
563,reynosa,26.0833,-98.2833,28.91,74,75,7.72,MX,1715049101
564,singkil,-7.9855,111.4161,29.83,63,0,2.64,ID,1715049151
